-0.34702588928491096, 6.629794608958228
-2.8510209970504885, 1.9559967950808144
33.58726268854223, -31.274213402106675

-0.92904968165415, 10.554241738516563
-0.5284159396373802, 0.9855341990271338
35.01962759897781, -34.074566971878106

-4.560106217443381, 10.787425494564829
2.0273456748494265, 1.9721026593604387
31.793773761937103, -33.16964758025426

-3.7452492167730123, 8.64969542583032
-0.7421126071142972, 5.264177657244921
28.898938838912812, -36.24603195174424

-3.5685889369785517, 12.279958613678009
3.1773645293972965, 6.917195323018177
32.568999198600025, -33.38575977493833

0.053660937513297924, 10.946393725141267
2.003434817906572, 7.99822076595049
31.981015249061862, -35.85131532747518

-1.7918599755659415, 8.803661108711427
-1.931030106522499, 6.8477814169500775
35.76058954416447, -37.279346704261826

2.009895677380805, 10.410633959316563
-2.9037318550026177, 7.450666583627428
34.90446109417563, -39.452545342829175

3.1429476310994637, 10.330896918074238
-1.182529229031318, 5.163438410455995
32.114877136734044, -38.333952192803814

2.256318041898947, 12.208251050248059
-3.3972240278071704, 2.7262272829420446
35.36473993263093, -38.93131358590338

5.417257026976394, 8.390554860786004
-3.615163137660459, 2.9330658217486905
38.10900367917914, -35.82851484035733

2.0996680223598636, 10.821127057770767
-6.709311964718401, -0.5493453849350338
39.643964250938865, -34.93442472072413

5.2992181715244655, 7.713103295868271
-9.761829044536954, -1.1506301935401275
38.49193707242335, -32.11492544195518

7.445427936235237, 8.993934994010603
-12.462598694899413, 0.46278731145719654
41.302369711938354, -30.630860281087834

3.581227454161536, 10.175415632317392
-12.513984826898454, 1.2109297699294164
42.26908372343406, -27.112854778865675

3.1117357595928166, 13.58298443293173
-14.171220756913197, -2.236302058362803
43.74322957884349, -27.86191955337503

4.00141925268758, 9.608874487637532
-13.158398299229903, 0.2958780829796881
44.02995407811315, -25.135924187716164

4.8408526863197805, 7.943093200793268
-15.658540329138678, -1.9347405009340921
43.8165877086813, -26.91495812487756

2.9331550997715476, 9.703096538489625
-13.13120434782618, 0.4356169466102422
40.48388447595692, -29.513284605946108

2.47941798979594, 9.37314899236421
-11.439807028450373, 0.04289085928657421
42.95784607173385, -31.70604252954093

5.049875990933079, 10.231097721289066
-8.838295356456303, -0.24798642204082721
45.33379044489962, -33.58545070086615

2.7370417894995542, 11.542837024882171
-11.531429206693643, -0.630751082111221
42.14491703709594, -34.84788491875766

5.295772350872267, 14.47484938936204
-13.103517154542427, -1.538646823584524
42.23746583904995, -36.24049736237884

4.243221949988788, 14.056754759664916
-16.638701378380496, -2.8046354228634804
42.74199723353121, -37.66758659740248

5.912486020268929, 11.077512509169832
-13.779935496284118, -0.9963648930407478
45.20603880883115, -38.06789924668857

2.189983004763951, 14.314066310038204
-12.243687328276026, -4.557660754029103
44.80782208599469, -36.471140100535756

0.3838887803390474, 13.014515884836575
-11.316661337077882, -4.188223712719337
46.38521117705643, -34.811808071929036

-1.940979818333795, 14.507434425508544
-13.931961713910379, -2.920582425987659
50.22674848942113, -37.389310461847515

-1.1141766258901047, 18.195096387791338
-11.951792323066405, -1.294401128069138
46.94334951280632, -34.68612442772494

-0.5614999363890192, 18.73968272469745
-9.503812745882035, 1.691872245193883
44.22415461263321, -33.662539359756344

-3.568973088101372, 15.924845878966785
-12.594210611440566, 0.35091972221762635
45.06848591274375, -36.95869359448645

-5.867790114818458, 19.662867238281542
-16.547393296980943, 3.742770320452963
47.12672311041526, -39.990371829535306

-3.2668690457298926, 18.4285943256817
-17.139501939923143, 5.345448269617208
43.16155181403369, -42.566112717949885

-4.341979730993708, 16.902769634094422
-15.552466824529292, 1.7455766812048887
39.30415300636792, -43.36322308086809

-0.6146661858829532, 20.63127969992774
-17.881591151192417, -1.3420423154782375
39.724439404621606, -41.800589082558645

2.834785943184107, 17.840225509853198
-18.07053993268659, -3.6833165643081474
36.62761379666226, -38.063541059896

0.3963598276114437, 17.20787112279542
-17.224653929161995, -4.366297935430498
37.5914350582411, -34.4052758314965

-2.433789812836637, 14.034394603316738
-17.283236899333424, -6.821235919291525
34.185799803172856, -36.28926323659889

-6.107753074691853, 13.211725876086609
-13.926681548828263, -10.60669931199417
37.17602999798383, -36.79694437915833

-5.033520932797761, 9.292668513683891
-11.685853210203325, -10.691797734614134
39.60206013901086, -37.575410565295435

-5.594018247273922, 9.71741982777397
-10.36104814878166, -13.635999865424814
40.14341580793665, -38.258363481346954

-2.853887221487974, 8.402894212610043
-9.797518440940197, -11.255109593740247
42.5387287282946, -35.32771647996904

-5.172829455190396, 9.370576525022926
-9.606603213348086, -14.222846858918114
45.230064771944484, -39.23945514248423

-8.932879605002102, 12.471664464249459
-11.017898645321244, -15.544190277730454
45.87936900112858, -37.86462072885095

-5.3100894870455075, 12.665108093097409
-9.179358129279617, -18.535212485842003
49.17269223981044, -36.30142995694172

-6.517654217509563, 14.276219689158982
-10.717306056619051, -16.569056857685673
49.70809162961723, -33.52114474662434

-3.011486220397946, 16.69775698834143
-7.299233504101204, -19.055419575316783
49.95579222555747, -36.368239478420335

-2.183576398350037, 18.9867178745488
-9.947195851960487, -17.901741991326467
49.02912914221435, -32.399173690311706

-3.1943411709444582, 20.224689543361862
-8.167018932394067, -17.339497939198747
52.19065739372269, -33.177230696021255

-5.985970192746923, 18.96041249824832
-5.268956345362922, -13.693894342455474
54.96547092344922, -36.62962121718277

-9.692570889961955, 21.727366074289158
-6.211780181489611, -9.876039555048447
54.33040905440812, -37.817314420552016

-6.148627176006104, 18.97472249311484
-8.698203404785726, -11.098340315270002
54.829857680720565, -36.68406620259205

-3.436100304142327, 21.67904444392477
-8.087895460055506, -8.597889401853156
57.75884433617098, -36.78128153962124

-5.734540063507795, 21.674687185757733
-5.83309798252686, -11.299827070380989
56.295183912721804, -39.8555366441352

-6.259869132791778, 21.81106172995374
-5.171655921340769, -9.919318203109096
52.995027734440214, -38.2249293112283

-5.1674197795442005, 22.674673068105513
-4.9860957015995755, -12.69125899874474
49.463311463036966, -38.545648115428875

-8.18162164068918, 26.496974931598913
-5.925862740238259, -16.284368926534835
45.73026961021738, -38.66269384744893

-8.932847778357507, 26.983440776268004
-7.922649857916082, -16.010990543862583
42.39109521320571, -39.08061824698371

-7.632718013412356, 27.399365009218872
-7.656880823776117, -17.530413741424816
42.84435923416621, -37.21924082068806

-8.276593199733947, 27.3278519987473
-5.978459077752462, -16.688967757133778
46.176561382466616, -35.93582017512018

-12.060426035856509, 28.47605010114397
-7.797412104487184, -17.209842155544706
42.5152009743944, -38.33926544568452

-16.05590994581049, 25.654021271853523
-7.5088338968892225, -21.108249411100893
40.40626130361902, -35.40022949410747

-16.356007082735168, 26.738080781585655
-5.291688832540983, -21.454670505633533
40.96659621871697, -34.77644671816238

-16.13263407340201, 24.578093503369104
-8.62654245821778, -23.714325842424806
41.62118036170379, -36.851050405959036

-16.744623004647067, 24.608367006434637
-7.8019227236569195, -27.07517433997017
43.05205415034356, -36.06448556896651

-12.865643838291279, 24.227906667350762
-10.116264912178728, -24.26753598969953
47.050891003142446, -33.249570385784715

-11.910198288004374, 23.207237098907054
-8.808259703329057, -26.162401116631877
45.857098163658094, -34.85646092843025

-12.731407537481244, 22.90605140771788
-5.003490294986392, -29.28963761887916
43.49506794455699, -37.0387021031302

-13.673224565989742, 26.24426713389918
-5.635850027659285, -25.65158412417999
47.141509458630885, -39.84130543429324

-13.698164682098515, 23.395759354748222
-1.8124921868352173, -28.748761278601524
45.44257901003268, -37.78675555265593

-16.28396958094814, 26.917213636651702
-3.6454580833872443, -31.535962634801034
41.83094382718825, -33.79324873932459

-13.143859997766857, 28.43283196118667
-3.361426649978285, -33.41497727249996
44.14580132985408, -34.01569604631205

-13.849741766318957, 25.225554360913783
-4.471381505536076, -36.55337411496499
46.43540329482055, -35.33871008386466

-14.009670216961506, 22.201003279087733
-3.7037429383158305, -36.67737252511434
49.66667685700121, -35.86698232349446

-16.2262656419247, 21.432646911980676
-6.309730804307583, -38.50975816342436
48.663538207229145, -33.31138916616976

-15.817994104583697, 21.09943733072558
-4.421435179889914, -36.17092693854327
52.51631116197053, -32.23116828665777

-13.813435719011874, 25.085617014799784
-7.867398426040044, -34.3991236232661
50.07002736878809, -33.011397334674946

-13.63168894062591, 27.91053290122181
-5.840637478171855, -35.203117211256654
49.5268912460594, -29.300314557145967

-11.344544750774656, 27.034788843709713
-2.137196048649365, -38.01781319227524
45.93934447651603, -29.686002123671543

-9.176518777439359, 25.667814026855247
1.2249255567261992, -34.053401771300884
44.214860727924496, -32.38129449514494

-6.178533784803324, 22.078982025221414
2.5425815281921826, -33.75809936079969
43.47304401199119, -30.93429907946302

-8.927507903008555, 18.79566248064574
-0.9679228591374924, -33.317225828286524
42.064373280358275, -28.20159254830247

-11.346828884619564, 20.24162496929414
1.2418988139567473, -36.47699999338337
43.830908275288635, -27.399057612196778

-11.511909305773425, 17.409872728505718
-2.3336009037160776, -33.284759819280026
46.37512605576709, -25.499672655912736

-11.321597922215453, 14.200099358109965
-0.769392498760431, -33.1091036709166
48.70003025578504, -27.77896757706645

-12.862977141350363, 13.23581801566005
-0.6114437062532323, -35.57487110937724
50.315953998276555, -28.926686076782502

-12.678014375629072, 14.521029699324426
1.5696641468569448, -32.389591522617295
54.15420944732942, -25.117626371164967

-11.532969812502053, 17.818157775570633
3.8472921287189132, -34.370400167000106
58.100010652916666, -28.025524149093343

-13.221119992806472, 13.99081007783176
3.300658625002903, -32.126520780879765
55.222761285677365, -24.370910304222235

-10.990849644180933, 14.945237338764544
2.500074324839467, -34.53970438754403
58.5328757756255, -21.65845721686128

-12.267151339889445, 18.83928127478431
-0.958689196132875, -32.839762218373366
61.75636315040189, -20.492476948676508

-16.07080683511321, 15.858599347306182
-0.22474001534735333, -34.56357464604447
58.232388458417795, -22.742740111409613

-18.001022467758638, 15.059033248842189
-1.8188945392671654, -31.72062340683385
55.173810488297576, -26.43952505523497

-18.91975585792865, 16.269158366811954
-0.24739263552892243, -35.036852608195936
53.38638413981217, -28.9352651597535

-22.234183358252313, 13.755308527396632
1.4744299436985884, -33.03312002812304
52.02167147761703, -30.829472926695733

-26.172873017673655, 15.200672078859302
-1.5502138909895233, -31.94330923469774
48.67382992995601, -29.270391158459383

-23.019644012996906, 13.40030073709277
0.5792310816401498, -33.518480769444665
46.169082984921005, -28.70729160548581

-24.59224794322772, 15.135825318092845
3.614119491802671, -33.46188450037185
43.773045683050555, -25.42480109387597

-23.519594200154167, 18.193132780888412
-0.16639137464638054, -30.053041220700536
44.30116774853761, -28.195694325881057

-22.45615982927902, 18.073043225705792
-0.6703679512937564, -27.250666898128163
46.35702360423546, -29.352361841885063

-24.585659922406705, 21.23767998125352
2.408954303561181, -24.56593624515911
48.4265932848134, -27.158702669267647

-22.09584119361183, 19.727772856145595
0.44639728070095686, -28.1772527814471
44.725877674257255, -30.27126981037261

-25.502346860884593, 18.951964994797237
-2.5572928322533315, -25.50875724354488
46.199645646952284, -28.103889260804362

-22.70456722039838, 21.757249395836226
-4.725015193233008, -22.19996504547271
42.36356461666292, -31.2513360223584

-19.107834349221612, 24.455873330732228
-6.160976488452459, -20.37718576140615
41.197808606184104, -33.392484127243534

-22.164600358221993, 27.026724370175824
-2.5751678326227108, -23.356568197623112
38.86661670405449, -31.233869942095435

-26.121647952897245, 26.64018335056192
-3.739718795957943, -24.066058594147005
36.720475151844404, -32.19386510479417

-29.362373730976746, 23.76573574876971
-4.811321599858593, -27.15557507462292
34.248419840023075, -29.123927970594508

-28.97597120433975, 24.847243483578517
-3.3627396480906446, -30.410959640254283
35.37694407073889, -27.132797840257993

-27.392134210466317, 25.10766088538908
-6.536978652734793, -29.304749035739555
37.28073798076166, -28.38387925808236

-30.084179590677678, 23.516958146149317
-10.171495535971623, -26.355918195884257
39.21514963832686, -25.860438668757773

-33.89043123793179, 23.20376026981144
-13.013248161956518, -25.605568110213273
35.77974327923842, -22.639681901341206

-30.096084876810092, 23.160193279468913
-11.596731060040083, -27.60786491178893
34.845135929905325, -22.26832011957434

-32.37286478075309, 22.579763959671666
-13.129691844887022, -25.97723039900572
32.82076575769159, -20.745143646428033

-33.79302367255707, 24.081027615968402
-13.241924050719835, -28.384538162965807
28.901165103054097, -21.156470971998356

-33.65264046109148, 20.585081782694832
-17.1767817916096, -31.235763429117775
29.458568276507293, -21.273350179729654

-31.99222335579261, 23.860218319642875
-18.007451290680685, -31.161477378567092
26.351041532522338, -17.285787220056072

-34.65941291930363, 21.425932192240463
-16.128831783124337, -32.704727483707664
28.470454630995487, -16.231235054198514

-34.235231781949935, 23.433925659575433
-16.675150495475272, -32.034964172790644
31.281868267411106, -15.94281506211994

-34.39461579505541, 23.119083280958467
-16.873496325387965, -28.342929369931795
30.622352426506527, -13.337552855588962

-32.839092472752256, 20.833134039446275
-14.678360393211648, -30.172042781115906
26.773626793909646, -15.43596195676017

-33.297109828348596, 20.08414504750006
-17.21317782064683, -28.052161322958277
26.34008463318709, -13.442762053722983

-35.96950636633918, 16.801855212165066
-19.01533670271418, -27.126549949325664
28.501466020353433, -11.70309736295135

-36.664003468353535, 16.762685020712276
-19.492575853196563, -23.631009754902514
32.452351030386275, -14.689503154262999

-35.80125796768508, 19.3283652845
-19.102457475891153, -23.79405844749775
34.45954588903621, -10.987697884852349

-35.67119843630017, 21.636387632093307
-19.628053548202384, -23.85215370470035
31.601616855753747, -11.68451389508103

-39.05410396737247, 18.151591518792948
-16.428660106183578, -22.506884461695634
32.56617240303659, -14.012935697015546

-40.974698050545015, 18.01825264389597
-14.223307542575022, -20.113618151338173
33.84621624742773, -10.58189165519509

-39.37870211690511, 21.953519893707917
-14.767297287486693, -20.148507948136135
30.70644065981396, -13.181108676304612

-42.68224911299543, 20.543938465177924
-15.069676363536063, -21.883566085192847
34.411006863394775, -9.619419905378617

-43.362928260326434, 24.139423459254488
-12.641425531065146, -18.805857525031335
31.82728672153489, -7.017313524855066

-43.292862000140325, 20.37648793141875
-10.621936958184147, -15.73663234428816
33.52708509151292, -6.275460190754206

-46.44280129401711, 22.599406613475335
-12.784346715935019, -18.94092616492121
29.788783377240193, -2.9037108975155945

-42.501502836335945, 26.47510944794876
-11.036352370488409, -16.304740381219506
32.98796871184093, 0.5961263764341647

-41.208756250627836, 24.09645672340293
-8.035582969095973, -18.588750696951845
30.099933632077686, 1.4928077012998608

-43.7112258515839, 25.960163295692062
-11.912337684675052, -17.220323321408074
32.0036591701304, -1.4463152493210645

-43.40636057912592, 29.317303018971018
-8.837763301955258, -18.1209893931417
32.725187733685175, -2.146182302005874

-45.227390735158146, 31.514902550314897
-12.041602191130725, -20.80694979394036
31.255672912084307, -3.3482183172732904

-49.16931515549603, 33.40375972468765
-9.67369823537689, -19.110936718208773
33.32175612306426, -1.2877679149479926

-47.07885917259876, 33.837646240010855
-11.156476066351004, -20.918465131485608
32.98679518099896, -2.389583552610465

-43.72309380154337, 32.620529522449104
-9.934744090094938, -24.103256894469947
33.512370992925284, -1.9799270426144568

-46.38003982210672, 30.04924771125059
-6.051448545663867, -22.42928201469813
30.446198509994563, -5.561110725678032

-42.86626222851302, 26.054572991760285
-9.027726757933216, -18.75489092632421
31.181593469886014, -7.299431454012821

-44.684145630048214, 26.70928817968742
-6.885877378015834, -18.031290378962513
34.25760772360256, -11.235730243491556

-44.45432953609654, 28.035689734629933
-3.2121871452291497, -16.484502208058466
36.16693835665873, -14.689690942879972

-45.316309367025106, 31.682364952576705
0.17359759045731593, -18.868299377692104
38.22222225493936, -16.340588100655502

-48.296164854767945, 35.61544199691297
0.053655962808166535, -19.09908568472463
34.7162848849573, -16.501533716238626

-52.14942695892485, 36.590412668892526
-3.365101411714062, -20.68605470729417
34.103145941077955, -14.87756838609533

-49.087479398885336, 40.02048601673599
-2.0226512213283696, -20.42293916278506
35.653955625704015, -17.01299861858407

-45.84550789720587, 42.58322363735409
-1.8713297058767884, -24.32296220031177
34.866636166126284, -19.212551850279343

-46.63953665768207, 39.733099690235946
-2.8145493973760534, -26.55920338952064
38.38683057517632, -17.204260750814388

-45.128981356325184, 40.10092996150463
-3.0606158174778297, -29.79552228725475
35.837425481835965, -20.65940760341354

-46.67295377937009, 40.3594190679721
-3.879682400415507, -28.274636879975155
33.821918647991396, -18.25386660261763

-47.653633452851416, 40.36174810202343
-7.116548890741658, -31.985177593165815
36.83474702370138, -20.364622581937322

-46.044801757558304, 40.58829723524298
-8.325349636502025, -29.018101826083374
33.65904377616827, -20.136781031676527

-47.70103941948251, 40.01292117420643
-6.483714927667776, -31.140059464047884
33.62365422060859, -19.755440141570872

-51.06610384859599, 41.294124612742394
-3.1951045839525323, -34.381645946405996
34.040775580251946, -22.72265439954978

-52.89130118522289, 41.20546100402973
-0.897748455125579, -30.5166313137935
33.42811884232595, -24.26439612912485

-55.21227426860305, 40.45859052187094
2.1707700147472773, -29.69470014369319
35.8043998720328, -22.925954652264373

-56.088758738400465, 38.064881950715
-0.5409433462826305, -31.30987226828409
33.905186744808695, -19.80864912519762

-56.25368829359733, 39.388349294781584
2.4424196671335423, -28.157827904910345
36.18112906083026, -19.30349195156323

-54.284318261722355, 41.901487059523745
-0.8090320657943737, -26.664434365092227
39.0464471100824, -22.815088433250867

-57.150744182047205, 40.064388716291845
2.904609483545099, -27.411073067275474
35.30855917201632, -22.029297069141847

-56.424118948456545, 41.47456169124448
0.7971094217607977, -23.7248049158011
35.86578389588903, -22.440574796814786

-59.05466870613555, 44.23536618671922
-1.3241604674551537, -22.736917339658703
33.076817950484056, -25.40837193066728

-58.83784275081109, 44.01536544047212
-3.3746946877781943, -23.9541647418164
31.49158276391566, -28.286305379511685

-56.24404543144667, 47.35814324206102
-3.7583085425860476, -20.30142203803585
31.585469461147603, -31.955836008407218

-59.7376643020738, 49.705848078343735
-0.8648944477058853, -18.277407125194976
33.283876996432795, -34.1807712008573

-58.525661874230174, 52.159545666184655
-1.980706197230531, -16.32101181226262
31.972914498545176, -34.5031629654933

-57.35719961569366, 55.79534935783666
-0.7319983781000001, -12.823466641327713
28.82811493748319, -36.503753705870295

-58.665449159858696, 58.53156414407857
2.6424178773417832, -16.77326822285039
29.68691264265127, -36.64724385863441

-61.462991923059874, 55.06872624032187
1.9623706100041147, -19.62179527685733
28.626796272373454, -39.255894313544886

-57.67732099836082, 55.44399690981451
-0.4973330026559468, -17.172051343899604
31.34131424570252, -39.984236507578544

-55.889642319122885, 55.347732664429245
2.78853732076882, -16.946263616965002
35.23540770602956, -37.02348233012007

-54.361634881823925, 52.486644590396345
0.503122614752713, -18.432309475843606
38.109005012486385, -34.944960246232824

-50.5742213333117, 49.63337583068146
-2.8922468172021887, -18.779749684386232
39.7888822559091, -38.08603022039629

-51.51365524031501, 52.73939150810502
-1.4780561651991846, -15.82334935619684
40.131031626451794, -39.12426812381932

-50.783046724511046, 50.005859778125114
0.1846324108823003, -19.325892539234424
43.71240230951008, -36.54540628485914

-51.22405835354897, 52.79355125649663
3.323499187163163, -21.849629033317317
43.59430346645217, -33.699701348298404

-50.83754181198307, 54.083905685827645
4.318676734055182, -25.333164513657383
43.671473586148664, -32.47414213319883

-47.14539419975111, 53.74522977607136
3.415746786553414, -22.232810110830325
41.044356837861955, -34.78328323907778

-50.582600224881645, 51.58919051373633
2.7323335389160226, -19.648015884906606
42.78090180149876, -35.67525067762504

-54.28541159518856, 47.81589474738546
0.3149023904317012, -20.561045372804532
43.506411320023346, -36.96648319725983

-52.082358930907716, 47.989512452359506
1.204758599490134, -20.643093784886275
43.79274468146921, -34.39553985415153

-52.65344604400463, 45.46551596202528
0.05959834610183634, -23.5821006117678
41.21043384495389, -37.214986958548735

-53.78208456177612, 44.8626891494853
-1.82722634053233, -25.679220272325733
41.456581964283444, -40.42736506647835

-50.021408119436806, 48.31294260562672
-2.38170011982816, -27.36090858269085
38.68450170281776, -37.30446362290511

-51.59166579069827, 50.257529368209326
1.123756947173411, -25.47686573683522
37.97832552004989, -37.47123780900277

-51.403140561208396, 47.51046775635017
4.347543549844492, -28.760054361894646
37.63618159855305, -38.653749244464855

-48.75913081093468, 46.525879886331026
7.6870215849948345, -28.12559512132284
40.22366726038238, -36.09046787326761

-51.62438390472336, 47.35818133761653
9.948608988673929, -27.629286905940074
36.454672608952976, -39.67677087924746

-48.24352459318983, 45.371920839302334
8.022150328851547, -30.37820461259588
33.253892968218004, -36.231401938150555

-47.28587887029499, 44.40836732715911
7.030431568747236, -28.797510867916007
33.028829355115555, -37.71275344843614

-45.58116181770569, 43.9611870184173
6.456957829827987, -29.722005196329942
33.10002971203541, -37.49834375453295

-43.50243732800993, 45.94438748045756
8.941903156437455, -33.614042885613955
31.45987984318104, -34.180338661227154

-42.618159950117416, 43.22215313264845
11.267478056644073, -34.05542657674165
32.82154956968078, -34.14527354158091

-43.026013887498095, 43.8233240102815
13.345319983299639, -34.52306358540253
34.272679161424826, -35.495992630466496

-46.57272106186467, 40.322318534485916
13.425742116703338, -32.33359603463908
30.955652369638358, -39.19689492173093

-48.92873207227603, 40.34388380976413
12.509387239450284, -28.657230333182028
29.28009186679619, -35.839856117670955

-45.37191413730574, 38.075107019346724
15.690355252004037, -27.511347797065522
32.21809091268649, -34.74710292980971

-42.86835215745478, 42.057673941154135
12.97431580818305, -27.859983478286853
31.027624974674218, -32.48195183778967

-39.121731353092386, 41.52753888395403
16.575905592239682, -29.361106056327113
34.02834239843883, -35.241256044619284

-36.29416917914939, 39.65481459203413
18.562618438342472, -28.07078636178607
33.030590919436975, -37.89372963068904

-34.60969588891258, 43.377063678359285
19.07644525901307, -26.492234120574373
35.556125042403146, -36.994599034793076

-31.255212753607342, 45.98009171699718
18.81579529650052, -29.92561917531261
35.40098083838999, -38.81611032821179

-28.02066666932314, 44.85707620859761
20.62978610271817, -28.407179570690538
34.75653469984821, -34.91909657390745

-29.19211912367606, 47.81618706206395
23.2898719681654, -25.59223649249212
35.33155001659169, -35.2975219784889

-27.97208890509551, 44.721244745603926
25.829461269246842, -22.58312985186798
35.95584366092564, -34.196452112042586

-29.488264485832616, 47.789063319353666
24.265977539406105, -19.899315139514595
35.87645517021286, -37.29741318842027

-29.33378196100811, 50.50406664240953
27.401397625942533, -20.452580158807454
38.399169034140726, -35.448925064232895

-30.817469140733927, 53.532866722574546
24.16177508434589, -17.197211260033196
40.42689782154131, -36.87407360024132

-32.88696443554804, 51.57957721728289
25.060678014917947, -20.526590120219822
41.882604458838, -34.7087633781698

-36.31548658355942, 52.722951172490426
23.25917084843757, -20.20901710305026
45.08600113577957, -35.069238015067924

-35.49322189852634, 52.56708191526759
25.529272727933545, -19.6102649851337
43.245701471779086, -36.28578457070536

-39.116861276752296, 56.111753012635575
24.779974442599578, -23.347654996356685
44.197699806937116, -35.64089115324064

-40.305933731699234, 55.91718099865494
23.286897417283654, -25.825819326262042
46.06317834869482, -32.38666862598281

-42.602176097820134, 55.59128837748106
22.458487595313418, -29.231675708614034
48.985648297649306, -29.79689586734292

-45.47235437350503, 56.967854422447665
22.201226698759836, -28.25677563120936
45.98518806937172, -26.543749334493796

-47.97124131313405, 55.007148509641844
26.09300355155367, -25.319747778344162
42.766658582023375, -26.723933875037982

-46.96353548229109, 57.39616839304569
24.8789394838132, -29.217372418741725
39.9026435439551, -24.58143141386009

-44.47359942139546, 55.64230382500968
27.413121552783124, -26.06239474134418
39.86081371378411, -27.916145477012357

-47.551185843832556, 57.074769682668965
25.446794250953726, -29.252255960996408
43.81468132018851, -26.151663829484978

-51.18697090580643, 56.958687446314705
27.211820888657588, -29.029406471461545
46.14881976678737, -23.120067968863186

-51.19976314198612, 54.83649139054974
30.41490611801432, -32.927667513537585
44.70703178662602, -22.475624055026348

-54.944859217656116, 55.983620045267294
34.34656434751528, -33.0290679873662
40.77373517869838, -26.08938969361124

-58.754353086309834, 59.0616015312553
33.586437644007745, -33.86801998873696
37.62630297613092, -23.058837872067883

-58.98111904371557, 57.24500539832589
32.57294691964988, -35.411310583181
39.57499301488559, -22.828155205693697

-62.71464220448624, 58.35040879589088
29.951904955902158, -34.48812738517499
41.135194892276, -25.093488073473818

-58.94608516999198, 57.35449331045888
28.247318367482844, -35.68184124755258
42.68432109191243, -23.543360735609774

-57.40265582503331, 59.19390682803814
26.292831479016495, -39.55135744506222
39.33951478592902, -22.96153880791872

-57.980169713304676, 57.540733894837096
22.925601400934937, -37.23162185910604
39.03173929442443, -22.974786343183993

-55.49159305700664, 55.81666381921431
26.88062570592507, -38.141278814091685
42.87404580627272, -25.800713455377025

-53.58338167601582, 54.29636796189362
26.406728438982924, -34.36429854478933
42.87771760458015, -28.46075558610361

-50.62275586214102, 54.202394159717585
27.061228553976026, -35.695367625448995
39.497329805241954, -25.84710029327526

-48.37685473444317, 56.94324172214089
24.055858568530347, -34.09235967549821
37.96942517658913, -26.102425555173546

-46.92751995374167, 55.20095451870574
25.914399179024457, -34.376976227158615
34.983010645322516, -27.04057140091485

-45.673562675687464, 52.84334604380757
28.136324694496693, -37.99219222248108
33.4175542006363, -24.65861899849977

-42.80233758905767, 51.01641213794307
27.242043642002894, -36.10559847319355
29.899800626925746, -26.97876872647346

-42.18245928932401, 50.30358104626721
25.37207374253608, -32.70777387222864
26.85732660689607, -30.84231011672389

-44.63529357512003, 52.96189663134557
28.321313147493893, -32.64761186156173
25.71583907410228, -34.445061535915784

-46.127756196591584, 50.68196560756574
26.352054533561404, -31.913979764529532
24.236663266777043, -34.96512918066772

-44.76364075555548, 49.975021766524875
27.87379232910289, -29.663818332022913
26.369081214299037, -34.30746239876283

-45.07480294833728, 46.50050747928392
29.25815868925775, -31.14576157746813
27.228819834537383, -34.31285404338614

-41.82545798321555, 44.888275944567795
30.135739012868275, -32.538908970992225
29.734239203577033, -36.252490715102155

-42.963444745264226, 48.55295486009012
33.21922355542323, -30.862212434769297
27.615577956904254, -38.21519744308146

-43.5792281513346, 46.84368230433444
30.516755361467297, -32.742157786974566
26.48064774102894, -39.721720409511335

-42.77349403610141, 44.24316740888699
30.38674194942731, -35.59832246491687
23.83445315681777, -40.21014528833857

-42.47215802199777, 42.12257497164506
31.00968938351626, -38.34257431046346
25.13509456550725, -37.28574217681141

-43.39840319949734, 43.52701224204288
34.672065695769106, -41.618223840481335
27.100807181069875, -33.38450580874871

-41.82246902586303, 43.70355000031714
31.52286375457355, -41.899180202308976
26.470530388429843, -34.84940353554589

-42.07483859521579, 46.613619727104414
34.52395668577098, -41.85200054264749
27.419563173648594, -34.68567798275292

-38.30081385571247, 44.29008915923386
37.61796799302516, -39.57382634554862
27.7908157220809, -31.858407210287517

-38.78842494341067, 40.67058835949885
40.49093218636873, -43.28082736654661
24.100218079202847, -35.81664453643898

-35.10548215353721, 44.08565847055576
37.0753309637824, -42.04062312240877
21.64250520981355, -34.106098275710316

-32.78949280655636, 45.186779750474855
34.956759467387705, -45.93982956574511
18.930765621161758, -37.03771825597592

-31.599829911784187, 41.94322401585515
35.010568166961846, -45.872227826815696
21.99619868849439, -37.66061285187371

-29.45521423890738, 44.01233407350503
38.7579788994064, -44.45995568320024
20.38674487615505, -34.3847141230368

-30.776529765622204, 40.60760305866672
40.92748377160276, -43.229576162864824
21.935312158893506, -35.46826984652365

-28.34548079247339, 43.526854558633865
40.370837734794094, -43.278390485635725
23.266707284838397, -33.41131636916873

-27.751541872991538, 39.86523364519145
40.93077440811871, -39.298645003327756
23.84381289398167, -29.938164204408476

-25.825593367687706, 38.94799823122912
38.917184936987844, -35.97338902009046
23.063318368714086, -32.76897356768821

-21.867788231687847, 42.42850082589069
35.23192082341396, -38.03537113235167
23.561106414729736, -32.63054584499714

-19.48738935467921, 42.70656301372901
33.64124523466279, -39.55371403090283
20.79220026703517, -35.12882192640809

-21.875456363220586, 44.17459023342094
35.791714531682786, -37.71503848485134
18.236637627776165, -35.59495405385138

-21.619080580173332, 40.59652315288333
37.304173984443885, -40.02357791290633
16.172345901523425, -36.41438413811498

-18.566305228994153, 41.32449201795862
36.061522250963776, -43.251644002546584
19.427992310969447, -34.3214844259804

-17.5250814255916, 45.31243830674149
34.67350595194434, -39.58797997965469
22.607986428706436, -37.04907968974632

-20.150964871279427, 41.95926767411548
31.394743227471672, -37.17065675797006
19.104459403240845, -33.51201628333543

-16.706571730239972, 45.56243657860148
29.066344241298324, -37.2824885160781
16.750765094828232, -35.45502970429045

-12.708299553515378, 44.522460409782504
29.480164885300297, -36.02161086532403
18.188929599761405, -36.13895921771852

-9.939935966776961, 44.464254349789115
32.31775074081179, -36.19632831326063
19.922399913544538, -40.063153236450475

-13.901828975009437, 41.451622286180516
30.36512476188245, -38.58037166266539
17.091607782767923, -36.56192855934838

-15.9428088877291, 41.56013937489855
29.668299399927832, -41.91544869821378
17.42432908327794, -35.978318805569394

-19.259602618745795, 37.5661524765429
27.539050512225916, -41.0212094012675
14.800404291528192, -35.570934159376634

-15.548501332318637, 37.32780660771558
31.419872436058434, -42.44833870641887
11.531596795791046, -32.27840431726933

-16.885406978651766, 34.90879531280905
35.36540658946395, -39.40960051361684
13.04345703627833, -36.03951645148093

-19.95126500890076, 38.85755360150498
38.33173591776466, -41.046456945983266
15.239812745054067, -38.521497787381875

-17.646811411380355, 38.68377045053062
34.37777343784008, -37.769855855514216
18.861687856477452, -38.41123193173633

-16.725509816696515, 41.0017197677405
37.34939968610942, -41.104535997581415
16.691338002624935, -40.89064165072793

-19.44698336258827, 43.209442275103065
38.052764302004164, -43.89653615506593
14.553903934630455, -44.35302757820435

-16.73897977087359, 42.57373888104147
35.5492544133789, -44.63643607252182
14.707000179727912, -47.24557108297524

-15.800642036519765, 43.509402104499394
33.91414672719066, -43.88294284739314
10.786156715183992, -50.459826961122715

-12.874189194849041, 43.60682780919401
37.2051002536913, -43.727437544090705
12.542531417467416, -49.89138474762652

-9.695738189096819, 44.95126788865177
40.91879654596483, -46.171842769411974
9.892211825514737, -48.40409814642773

-12.560831170544905, 44.651589773941744
37.52380257996452, -42.78264010725021
11.758791955290546, -46.14152386984234

-8.987622693310659, 46.93355516432274
38.91597516558104, -41.296621202519916
10.065999251968513, -49.903749039143726

-5.447592736931708, 49.99075439966346
40.02498891411058, -41.63098838905414
8.688206493250231, -47.436119287297586

-6.946967373796532, 53.78151201049643
43.35971447157431, -40.014606911857726
10.101644530911678, -50.22519043713126

-9.375415912619225, 57.64959331183408
44.295169905999145, -40.395885678711835
10.547053749007315, -53.698834105739635

-12.017162882999731, 57.60883772578558
45.62430647832859, -39.675637927181036
7.0448325608449585, -50.56391094032058

-9.02947111304561, 60.76471396863034
48.28604157105566, -39.07284587839021
9.880699333001457, -50.76675748253884

-5.081119821295656, 61.21809077046248
48.674994119566186, -36.44675920893525
12.681068441783484, -49.05913430982254

-4.406679052685783, 62.192580886916524
50.613993738665386, -33.89727147234845
14.232424485483225, -50.92645222109963

-3.4971613325413484, 65.87676043076276
53.46991111208746, -35.98328271175828
13.856827950338229, -50.196854619212374

0.09749252526887986, 63.75864069425763
49.8954530552091, -36.56326477520345
15.39432084679164, -53.46844097522803

-0.09144981081587034, 66.71814014151788
46.58841166954311, -40.30089670426205
17.346398621717153, -55.82435314582659

-3.111468868476999, 69.81805323881899
44.67391059717942, -43.447406628679055
17.615314803563685, -55.8817568769045

0.41932914667797583, 67.82037974360844
45.192336754998195, -43.90457488324965
14.413557747117125, -59.23524106480099

-0.06742573408936003, 68.90053514983904
42.42327150993119, -47.66658554891711
13.147233972129891, -59.232065478163314

-2.8446744011330685, 71.36120852023235
42.77017698535295, -45.98181445188914
11.48521543518481, -58.626379573821055

-0.321068629580072, 69.94088650867856
39.002932375126534, -44.465058798625286
8.466110927965868, -58.577484333400584

-1.3473873987405032, 68.57050813949064
37.1100035324095, -42.975554495964886
8.103930651806394, -58.55193384159921

-4.416581292794174, 70.32626113776257
34.39494049230044, -41.785558800160224
11.67305209510672, -57.39467566530061

-6.2219805331569145, 71.7031949083358
32.92822857213535, -45.15985582320558
9.203165354562485, -57.12457266754753

-2.2233062878474685, 68.3834869297589
35.809387047243945, -41.792740978096354
9.58604412162953, -57.34993268325571

1.6073526116789711, 65.88542777008169
39.470778938755, -37.9680415888568
10.897861235437588, -56.58855555095607

1.8043715132430238, 64.4965839080083
36.300200036427796, -41.35422006931043
11.307743664281743, -55.96758044877747

3.1436764775487482, 64.66407642314579
40.03750028506134, -41.61537866140779
12.887918321358615, -53.957190656907024

5.63023848316771, 65.80314139830143
38.36391387748069, -42.00593940985702
14.829511820758984, -57.88603209166209

1.8280855316028015, 69.64260362338419
34.676702643808824, -45.412752030857234
15.613588397909359, -61.256595449398354

4.47788866296057, 71.27632559018697
36.10807278401357, -41.908906592624966
19.295643517983883, -61.54470312413471

1.9819952542132429, 73.38410339010161
32.73194728574674, -41.32948459424897
16.96236111660238, -59.34490319457768

2.735937390467167, 77.04019187703913
35.486999911133275, -40.39643315410048
15.101646125288832, -62.4061579337916

3.2672267103359074, 73.67752534245676
33.20596495929003, -39.310986987200025
17.59009001421553, -62.664291402425654

1.171465820545139, 75.34153080287794
31.343688384478153, -39.687625919559046
19.218787003724803, -63.90577139212226

3.11359318494656, 79.27363888668978
35.05386118288432, -41.60474097169514
20.356710223008534, -63.4140119374485

4.112688758595542, 81.1818732429027
35.62149879881051, -44.760194222401914
22.13997938124216, -63.243463195195964

2.530198347581411, 84.03324004970202
36.49476732308791, -43.49327965846602
25.593679885135554, -63.59339862330963

3.4553554957682993, 82.42703256476644
36.156624372032226, -46.995821259696285
28.098441886458968, -62.31971405910523

4.293140251815218, 81.4581364238557
33.46314133863733, -48.76422815450911
27.83633265759165, -63.950362491007624

6.572813760109003, 84.3419744982211
32.67544744459324, -44.90016126477738
28.787822374844417, -66.94139648647653

6.0051316325001896, 81.70052078042677
35.78582301087726, -47.26105232136966
30.657276974313383, -65.32316784979596

5.3599489390189765, 79.39383704813305
38.07749945159946, -47.77361384262065
32.77182204934847, -62.25246482174406

2.0277117781527307, 82.99534775888382
40.04691998740201, -50.66578091879365
35.07738211417242, -63.09201018312209

3.7982213117008534, 82.54130397450685
42.906688147889156, -49.15215745003161
32.92903423284388, -65.33895017279342

5.765228452103767, 84.62321513691964
41.592796451620096, -51.54182861676146
30.078501161638773, -65.43833212515786

4.162198977485721, 83.09448737332869
40.19379569042534, -47.809927004148705
29.079588780793067, -63.84194190805009

1.3736668743452771, 79.52373776702322
37.1876876980275, -45.13859700798845
32.357599402275575, -62.73898608141

-0.34770016156863015, 81.3093598021094
40.39148329109971, -46.12073147174058
34.49879471843923, -65.2593163545339

-3.890436509504301, 79.11902956896768
41.556901139302525, -44.52474917513135
34.84852517505608, -64.53153132158721

-0.8442288100444557, 75.92451333256777
37.81961361384372, -43.25861008856762
37.913508004002765, -64.5444885593731

-2.24466873633099, 79.77530288170279
37.88397256121153, -43.2630659738655
36.53453471806088, -64.25390293555063

-2.3516245853047506, 76.42044630892931
34.93147108401907, -42.81232514963357
35.324026876764556, -61.73468975158814

-1.171337409090392, 76.67457433545755
38.68854677011966, -38.834424828498875
33.176054490589394, -63.505682925217684

2.216712837537325, 80.58582715241248
35.62354059378709, -36.117651744805514
34.529234362629204, -66.24232978436837

1.4214099677202068, 81.18541719589874
36.81623324169691, -33.48746499037272
31.510809648354908, -63.02765122641943

-0.3917139796833675, 82.24592252138855
37.35480461831672, -32.478779151038474
33.63916955146717, -63.1842557122543

-3.0337103610981693, 80.79385191391452
37.387729503647556, -32.43150394905526
30.92523741323142, -60.971738388319466

-0.7915799805046486, 79.8743096637325
38.71674643030042, -30.45904694252864
29.602780014929888, -61.01545939017413

-1.2621447342704855, 81.34904238175241
34.9072202554604, -29.898935011137766
26.323371503328104, -61.239863042217834

1.6114361807616797, 82.64786659922959
34.926086505350234, -28.44193526741035
28.11224990161852, -62.588691089632185

-0.2471833152464713, 79.21331171586873
34.30295832971618, -29.629703550150253
30.601137217414184, -64.78812290998816

-3.7068311607913387, 75.87603096577008
34.29547267652609, -32.241707995550186
33.64378096487073, -67.83731941655323

-4.612299617573572, 76.83819382171394
32.185597511392004, -31.766345419980276
33.82437338010568, -70.2894380484473

-2.941244985769792, 73.34254172288689
29.4697505321885, -28.791343968815738
31.203605877653658, -66.37494923118793

-5.826223394078125, 73.60269752314476
32.05097339201799, -27.280973457216803
32.48823788234881, -70.25849724621484

-1.8529881118839793, 73.67848146921575
34.136749346641146, -31.05993224168364
32.48190769197588, -73.67109922414892

1.8340494247567642, 74.45240886410264
31.916515887612643, -28.36278938687864
34.925876843629034, -70.7219893590042

4.822078529869848, 76.8886286855898
30.66308414268233, -31.65115264162878
37.812686616823726, -69.08665321870754

6.74626850799675, 79.68439846761854
34.445930447028566, -29.69828160084745
35.498291972736475, -66.08342781063273

5.616011141631531, 81.69564318010671
37.07147483666398, -28.233532559099196
31.986015128879473, -69.1941662034252

4.884546879542575, 80.68234882334104
35.52835889986778, -31.731433113101772
33.14524726198803, -67.88308155541274

6.595119058955502, 81.1520557380234
38.511344671628336, -29.594610196583293
33.67397696273019, -66.42275543907972

8.388583052222856, 82.33446961784765
41.54927439870466, -29.7325259540429
31.343101779469634, -65.56268695992496

6.237588337637323, 84.4303246670285
45.26198351454633, -25.813922023870834
33.69668884593549, -66.31707632271579

2.8770700178880926, 81.88770300348918
47.6878138652138, -27.393104701405512
32.97521876527435, -66.19354815172217

5.844705660808632, 80.56719878884147
44.43990163996347, -29.025309009422326
31.597952475815582, -68.74962052464585

7.724203075698614, 80.43088987013542
45.215405470991335, -32.074868225959236
32.345930112617175, -66.82510467027646

6.990107719046736, 76.90384089451697
45.851245104359236, -32.33808715977903
33.63372980084151, -69.2006237374225

8.478273766824202, 80.01914290453661
48.959292580547604, -31.887189896102946
35.229155870797, -71.03990860621039

9.672957985565331, 79.82511840678829
45.15258726857772, -32.844403978252174
37.961279768963784, -74.8691985174909

7.939010110302662, 77.33449936005195
43.73595398165209, -34.28910455764462
37.198391355459016, -75.5676663988496

8.077657834853442, 73.9696238627117
39.935885469667205, -34.481132808426956
36.74841115920574, -77.50334393296832

6.818169041019711, 75.43989902507938
39.35233764822223, -31.32529132537519
33.156000585829354, -79.0215324619859

6.3425294248412785, 78.6580570097891
41.20966846148754, -32.438806970527295
29.55479348343483, -82.81980862924485

7.528839259514255, 76.7720989130111
38.755126339851586, -30.817425859775405
31.02496190345979, -84.30454723299728

4.493479236701984, 79.4705083822512
37.22046121952601, -30.239988536100597
27.161039883271798, -83.03572467224615

4.386314858822762, 79.9574848687299
38.151564902680505, -29.84774404252916
24.62519224165876, -81.32196912512657

4.473913352490084, 81.92186889953483
38.087716010882794, -32.96480651012479
22.18595612825545, -83.31853735307172

7.86722271189385, 78.62506122435596
36.88824876379325, -31.732091200236006
25.529201892313125, -84.43042473253357

6.9425715892041575, 80.99908737174388
37.30870306692431, -30.94014975698566
25.451885109701653, -87.50309611561448

7.6993736925362395, 81.11450905312984
36.913170539444124, -32.251012968769516
23.517293857918034, -84.83870655174388

4.0613182200129465, 81.19580664524403
33.716075146462316, -31.770303305062903
24.774397304168637, -81.52056454051274

6.018138345878585, 78.68159758252844
35.23217976111081, -29.442942118512164
22.66856893479003, -83.18018645567768

8.575577232421661, 78.80566614603653
38.47445587787023, -26.749959285817997
19.29192961439219, -80.77464321825822

5.197285188240588, 76.27866416792345
41.929942522616884, -23.730594939701334
17.231968434352165, -81.14110207398798

5.268602936183092, 75.64166040798439
41.27327746863583, -21.033684456160024
19.32395540971275, -83.27683064507535

5.60315974919437, 74.73994751874119
37.92100035579209, -19.438027373400743
20.603317623464225, -86.70777364071198

8.119573084461317, 73.92103316464494
40.919360870688436, -22.65369869760343
20.53185850938639, -85.55752072020249

6.973532417584658, 70.95500117382197
39.16232093923734, -23.69335150448845
20.641304936429492, -86.32124915647391

9.752281240295009, 69.90483743544813
38.428538446456066, -23.091005262667984
22.57798839007276, -85.92815105600536

9.109851967563303, 71.6147157636194
39.37497547648009, -25.495766894938406
21.794235556455483, -82.71390398754157

11.526908024553162, 71.93318622874014
40.54871396687636, -29.392752890271858
23.660547284177188, -84.73944854679218

7.725635892367717, 75.40395779339433
37.487650894243004, -28.571085728259433
22.87267190920861, -81.83960166391486

6.525577006713755, 75.02568514231272
35.06128411931914, -27.919471371996906
22.41395007225472, -79.4365817103437

2.6862567204094647, 75.98604438212897
35.28561276103496, -30.96002036065976
21.37541412927715, -79.21248944288818

4.759236226718751, 73.55010656641008
34.0785214177201, -32.69366452474694
17.91590659024446, -79.36382723106355

1.4053036720046226, 69.62286290599937
32.809364946562376, -36.36958101137884
16.954897572201677, -75.50045375893892

1.8487461530817821, 69.58942235689209
32.63506431443783, -32.4485074737561
19.85529011907732, -78.19925675640515

-0.7516978691802292, 66.030417327453
28.84529986613533, -28.9924409005974
23.058818419077934, -80.2082229818438

0.8760563283472624, 68.87555593278339
25.703235404807277, -30.90599772997256
22.31481421993476, -76.29771699072417

-0.11182400184919405, 69.20142738829875
26.89838166074607, -29.39427688531201
25.95552764094342, -75.5820269293986

-2.0256766291856634, 73.0368277263666
25.078538354301912, -29.30485691778241
23.667174027890336, -75.46338955069798

-0.5689523828838334, 74.86775919021173
21.18661586531298, -28.321184859756787
22.215522847869515, -74.30624914115924

2.518513475881809, 76.95266589303506
23.413344976805572, -24.432540993432436
23.958075095144977, -71.73093747045398

5.779095623156445, 78.84879179838074
25.56240803619901, -21.54824892505882
27.616423092890646, -69.92830887757572

6.296412030626671, 75.8548303526731
24.24142414407008, -22.272908711949885
29.21335977531442, -72.71162406173517

3.699832173894639, 73.61898699723794
24.589687068581526, -20.685774257436556
32.40555270300964, -74.36455667971009

3.7627598868277925, 76.65033914013642
25.466471389952623, -18.207348864251436
32.14875774595743, -75.58377300547882

-0.04418062835568648, 80.42633040960067
24.530330620797265, -17.12369987027764
29.762874346633616, -75.7061248269972

1.3524848913863003, 82.97038772683368
23.98084950394233, -14.537949527050419
29.109033971320425, -74.20145772624727

1.8478187660968572, 79.63932704934712
23.573615947594888, -17.016048492651905
27.496925075046178, -76.19530599499063

-2.08951706484254, 81.47014209576108
24.462142748209022, -13.214393493683673
31.328875549947, -78.55317841005544

1.5809746067721404, 81.05111342324794
20.86165735470149, -14.577840544790433
30.87318767400092, -76.68230840909901

3.344625880150544, 79.18534875491564
18.79974672322825, -16.641571785062368
34.62885399585216, -73.14615345968701

0.6106944986959366, 81.06645804167808
18.56696795843135, -17.392924088669908
30.66456763527714, -69.65880306745659

1.0953506499695225, 82.6777842017968
20.49878027336221, -14.456110496843595
31.545145656752005, -70.37535292347341

-1.9213929218724113, 84.45303642694698
17.080519610996447, -16.823386652033538
33.81859759914467, -69.1263350221219

-5.815805753651952, 83.4119470286107
19.08812543201465, -13.562923482645779
31.293464460885474, -65.67231414486861

-8.276040171717906, 86.5836899270568
17.579229052590286, -10.607480500940115
32.294462839182685, -62.58190921504308

-10.004116156424718, 89.69940899308729
18.941791300785063, -11.232411710893142
32.84885659692503, -58.957533056607225

-8.027093482330098, 93.47696928702803
16.945685619535848, -14.422305163000948
32.89535304132093, -58.88384594323654

-6.695515099220087, 92.12465999422223
17.726641915835017, -14.544530142340388
30.569049827781072, -60.908699763468206

-5.451731359853727, 90.87381254151273
18.94724217992091, -11.572663441586476
27.91270428351394, -61.111850538735666

-7.95861096565381, 87.11430403988196
18.93481886069671, -14.307264383527237
27.386947444675993, -62.71960832886111

-10.315994116990968, 90.16232694992595
22.571493735070597, -16.6489280155093
31.24091657663456, -63.829429524120016

-14.030905584117463, 88.85917125081457
23.092905907592737, -17.428421919756488
27.939809176810325, -64.01037748699193

-13.690476113026012, 85.68764436631866
20.396279258392937, -17.500765639213927
24.645805902270606, -62.23019968897266

-17.093551219250802, 86.8318237138165
24.10682210659558, -18.673666634180677
25.300083690842122, -61.8185846026643

-19.85485216496107, 88.34393797751594
24.092877631798064, -18.155508168028167
28.69414610621983, -61.41349730552994

-22.23374239353911, 91.87539852773436
27.158974355381396, -19.53634826272335
26.81014350585908, -60.595161889599645

-19.82567883177916, 88.55671080644314
24.570725998970985, -19.914381717384302
23.46412947599379, -59.71689330895065

-19.74297705844881, 85.88901315173358
26.977936261378517, -18.865944572028084
23.315058952075283, -63.38620017344181

-22.138671948418185, 86.79888668647968
25.588400140680363, -15.255327208779509
24.6823022152231, -63.96732477146221

-19.19245566202359, 90.05606468172901
29.4787675625014, -11.79849582592697
28.12964454121143, -66.60603679696023

-21.78889017767993, 90.0301337418605
30.91043403217866, -10.715915766644155
24.774616370939714, -63.608624568822364

-21.971236584300247, 91.9762293895416
34.4278049388696, -7.955801556401162
23.68008920172823, -64.22828609307636

-19.318360597611157, 95.83646200260046
35.98812288166936, -8.449842566429988
24.579128586293834, -66.92033858011389

-22.216773268615867, 97.12191028650308
34.5498535410861, -9.48661770519446
28.48927393184164, -63.47102821249904

-24.104264308308252, 100.62550924255775
31.324035637141144, -8.354829405792346
27.51866156226099, -59.62441843151159

-27.372407593112662, 100.90552862119564
33.90448552935873, -11.546187859308194
29.702521040444044, -57.42142612133458

-29.487651354047237, 100.25558067017133
37.074544948639314, -14.930082758353592
31.166964953400885, -57.37366958250909

-32.867517830668696, 101.26499084174885
33.80570483565883, -13.423229651356493
33.70797586839127, -54.173283481411225

-33.34564919278303, 98.78557913193589
32.44232185560269, -16.968848260428825
31.104955278803786, -58.002371239054895

-35.10020250105903, 100.0538806117316
36.006716982787054, -19.43113718198153
29.69444199755815, -60.401482934280594

-33.984122668459605, 102.92205099352634
39.37260977939389, -22.26298849153467
33.26432447325349, -60.35962432585869

-31.77652930149621, 99.02983159829307
41.986450652882326, -24.574392966216998
31.487401158930336, -61.90535009349963

-30.994683292853566, 97.09126919918384
41.9084996687933, -20.610945775801397
28.628630897349236, -62.07680136435283

-27.983318949404257, 97.79819141665716
43.690366552519755, -23.274779532585377
31.249633834661065, -65.98347690723794

-27.495496052788052, 99.66688414359749
47.120539747828175, -21.877719737961577
34.033067982979745, -63.07407837784489

-28.159281628735588, 97.53762250034754
47.832113395130804, -18.555524022706315
37.42133571219199, -62.47506899158307

-31.922193547294995, 96.2235656088084
46.62544857316261, -15.220464075309337
40.02486260081482, -58.72660223047342

-32.89396261114465, 98.47485155453957
45.06689636063973, -11.659211508729038
39.95932949748903, -59.06920118745741

-36.43995084538331, 101.55624401519898
42.099656928997746, -10.988652412804779
43.92582147084346, -59.34670807477549

-36.79115886912403, 98.9247394655198
40.36763994430531, -10.031847164836519
42.7384094210992, -56.666271780053975

-36.846088590198754, 95.03386390131392
40.100519887661804, -11.49100380367352
45.13820330324086, -56.23714333861065

-37.875199988527484, 91.12636705840788
42.88213512211765, -8.595221551682107
42.71496623473027, -59.71012850472866

-35.02317835704732, 93.97623948776005
45.41835674943678, -7.899961711302001
46.56316997687965, -62.62829758257205

-34.76113008283047, 94.11120781673947
46.44643291891212, -7.368504938214015
42.94692206969581, -62.88423069093062

-36.96285324595871, 90.32755806744818
48.0835289619982, -7.012815675879295
41.4766699410322, -66.11727994942504

-39.550039925224155, 92.44260767668051
44.15215844037872, -5.436647021629962
38.44615241030803, -66.56043774114372

-37.09566151877677, 92.6614750817997
43.15793861395327, -8.38866249608088
35.23537362738618, -68.26943845891198

-34.74447229937684, 93.75139743141501
41.39079926004243, -8.014281360976394
35.23164052574701, -70.13537834313126

-37.490926613731716, 92.0317591456868
43.87244698529249, -4.918489852717547
32.95593674191048, -69.79263858764944

-38.22309037289102, 90.9906757446043
40.94267956582312, -6.076047044799489
36.59744262636525, -67.3566666939252

-37.69118135796897, 94.73251748868181
44.28486166799669, -2.4013126144780266
36.60024022377148, -67.62149517233358

-38.00769654962744, 95.85428462056134
42.34136829093258, 0.7516745527254551
39.40119720940489, -63.91566942932284

-37.35054632327406, 97.27945870352887
38.56370129027655, -1.1621815908917945
41.86246982872809, -67.7564643885166

-38.16531379550731, 99.71938132506719
38.59004476666577, -4.734395352748407
41.08675813852255, -70.95931041497245

-36.895271074443144, 97.78303848832515
35.5447386735529, -1.3912636193171624
41.2698115324245, -73.57268617419791

-34.61319606924445, 94.67175167459736
33.0500577913068, 2.027356760787722
39.25522016703705, -70.53571087798606

-37.14455389598278, 91.10773371454373
30.976062622417, 5.559481796206616
35.91812730363693, -69.1620568154117

-34.443805058444774, 92.56164536407908
27.309025772817243, 7.1149901202286
34.51726423343753, -71.44964176127583

-34.12624777353736, 96.39353861268525
24.720423641661217, 9.641111172844019
32.860451840739735, -72.33170984931641

-31.555653948485414, 97.81583668308954
27.806447153811128, 13.39993653723148
34.648059322140796, -71.86332219259506

-30.4131212702482, 99.1102362262296
25.95098791961032, 11.861176149576217
33.60316865693824, -72.90683612389772

-33.347345379109996, 99.40773738071852
27.335542324793305, 15.00826344625456
33.16534899893104, -73.44417141711675

-35.01992590979145, 103.02110577016802
25.824778507359373, 18.677856881420254
30.968118153607257, -76.18236375743004

-34.32319957326944, 99.57579188288159
26.505178173838214, 17.592250600698904
29.66962598956149, -76.22549765587608

-32.518637924601904, 100.48977123100163
27.322327614076585, 18.148698876139335
31.938645009740704, -75.36577566006025

-29.280036491789275, 97.99301327500106
27.37341646716127, 19.386139156557448
29.41370803406523, -78.96099427365954

-29.569942345022493, 97.26764923162665
27.404262820958106, 15.964820556325993
33.40441040903326, -78.52945867182963

-32.352102395926465, 97.75273799616765
27.42114515749239, 18.2595630029536
32.1714464172708, -78.911849949718

-32.73437938589252, 97.43513459663876
30.51202995776219, 15.43885696768628
31.42719505727929, -76.93003367683451

-31.937585239430433, 96.03688726162827
31.341304149986843, 12.833858491833116
31.421119819209824, -80.00278759596358

-34.66495890464802, 98.01153949726799
27.86899761838616, 8.966586892386644
28.191856878291958, -78.5596092161664

-30.762123528387153, 95.09227644808263
30.509871156659628, 7.332861740086284
31.446062353674144, -76.60508761878589

-29.69415397230733, 92.37162500163961
31.074584856329636, 7.934560162629932
30.54812093865022, -76.9339833334677

-30.893257928274878, 95.771476180131
31.41443893768295, 9.544438329045132
32.38664093673347, -80.24370778046178

-34.88030787869912, 97.03089165205539
30.010003546276387, 8.77166792784416
34.35062494139389, -81.25330789914823

-32.42021350583362, 95.17902150758061
26.258671742315922, 7.242218071199623
30.453164648341534, -78.35010636853049

-36.015545735131475, 94.84405497865176
25.719493084305903, 5.141550991691756
32.36644177128253, -77.34958613166785

-33.6421874057934, 96.8277141794723
28.624300890563298, 5.659567554258174
36.23187244663431, -81.08836998717487

-31.447883633219558, 99.23764347784957
24.71220251978124, 9.571258098189945
32.84545161707228, -84.39236426201978

-32.7949324958087, 96.28840184491223
21.044216260875505, 11.924250051550196
35.387411272167824, -84.3295557594961

-36.71231628157182, 98.3634537271449
22.658011407030493, 9.279488671532345
35.84601449049784, -83.6347242050586

-38.143427313252246, 101.49240135723363
19.54006947583081, 8.42659381721462
39.17136842049498, -82.91302321372517

-41.801010656560734, 98.36449090846699
17.500864496427337, 4.93324662245636
35.520791415835006, -80.47579819827574

-44.21779217555938, 100.57718432808167
19.34695855387563, 3.9268497880487914
36.62100336295614, -84.28170723226731

-45.406980719597044, 100.26162761345253
17.85743858596304, 4.160798469942102
37.566034402097955, -84.3524284875504

-44.13189111705937, 103.73646295816286
19.36387533982461, 2.498556936844433
40.875155203951536, -80.3879104476756

-45.748515535676155, 102.0106006295373
16.073037642419457, 4.889372644185662
37.842557239545826, -80.52649533249357

-48.14956352739161, 104.45351814499722
13.81685746607251, 7.411700519320936
38.972688502127134, -80.04133734191853

-48.25938568797703, 101.72900900283877
17.237201096425302, 7.291816903807231
40.41413485612364, -82.12905263654008

-49.71166054884601, 97.91033834394462
19.421488805333084, 7.495451665166535
43.19902364312662, -84.52368313211566

-49.070625296310254, 101.68380640920083
17.1650154240743, 7.3718061990873185
47.00715020793082, -83.18956034861893

-50.394899983749795, 104.84492936712417
17.541420104813213, 7.008082598695844
48.67376142337692, -86.75296588675982

-47.952159655682344, 107.0801257145858
20.145123809963145, 6.8330807744512105
44.708128929965284, -89.70476750252308

-45.91237013571035, 109.7177808918346
17.620295940603434, 7.78594561892508
43.49587874759345, -87.21873080995246

-46.70300525517396, 107.42604129193137
14.497567371201132, 4.327852016991638
39.74511877287468, -90.02633898063307

